0
1
0
2
3
0
4
4
5
1
6
7
0
1
8
1
6
1
9
0
10
4
11
12
13
14
6
5
0
15
16
0
0
0
6
17
18
5
5
8
19
0
7
20
21
5
5
0
0
0
0
3
0
3
0
1
0
18
12
4
22
13
12
1
1
8
18
1
23
24
7
24
25
26
27
6
28
29
30
1
1
26
6
0
31
7
8
5
32
24
11
16
0
0
12
8
27
33
34
5
35
0
1
0
36
3
8
37
4
1
7
27
33
0
14
27
38
39
1
26
1
40
4
1
0
41
32
0
0
12
0
26
0
1
8
42
43
5
44
27
15
0
39
1
0
1
45
3
33
46
27
0
4
22
28
32
41
0
22
42
4
47
48
28
4
40
31
1
12
0
32
0
1
5
12
49
33
50
0
8
7
0
51
52
0
40
8
1
0
1
7
5
53
1
8
10
0
0
16
9
54
39
52
7
54
51
1
7
55
8
26
0
0
1
1
15
12
0
0
56
1
57
12
0
0
5
0
1
45
58
59
5
60
1
0
61
62
48
4
12
1
8
0
0
8
0
63
12
52
21
26
8
26
5
27
0
33
0
33
12
56
8
63
6
0
0
0
0
48
0
1
12
0
52
12
4
5
1
48
21
3
33
1
6
26
42
0
49
27
0
8
1
18
64
42
12
52
43
12
56
1
0
0
65
6
66
0
4
0
8
12
5
4
8
8
18
1
52
67
0
0
4
43
47
0
1
28
39
68
1
1
5
12
60
59
0
69
26
0
8
44
0
6
28
42
48
0
0
0
7
1
30
0
59
0
70
7
5
66
49
53
4
8
0
5
48
0
64
0
71
72
27
16
0
27
4
73
12
0
1
7
32
2
43
4
7
0
0
1
12
12
0
0
15
11
0
0
1
29
0
57
5
36
0
4
4
0
0
0
18
5
4
51
5
0
12
0
12
74
0
44
35
73
15
1
44
61
0
8
9
0
1
0
60
19
26
15
26
63
0
12
0
60
12
1
8
75
22
7
59
0
8
0
12
12
70
7
0
6
35
0
5
0
0
12
76
0
0
75
5
74
4
4
0
1
51
33
1
5
13
18
67
3
8
77
8
8
0
39
45
10
1
4
43
12
0
23
0
52
12
12
12
1
0
12
52
7
4
0
63
0
0
7
55
35
3
55
32
1
78
23
47
11
2
0
0
1
59
69
0
27
7
11
0
1
68
1
0
0
6
7
7
0
1
0
41
8
0
56
1
59
0
64
0
26
4
52
0
12
37
6
0
74
39
0
70
27
79
0
12
5
0
0
51
12
30
0
19
17
12
49
55
0
5
6
0
17
1
1
43
26
0
5
0
0
61
65
5
0
7
12
0
77
79
12
19
0
60
12
53
20
7
65
7
4
7
34
8
67
45
4
0
8
27
1
6
12
12
0
38
0
56
80
12
5
35
4
46
0
0
6
61
5
6
45
0
15
0
46
49
33
38
8
33
0
46
1
72
23
1
13
38
30
1
0
72
1
33
6
0
5
0
0
8
32
0
5
0
1
4
0
3
56
24
0
12
0
52
6
4
64
12
0
27
0
0
75
64
73
66
21
81
31
0
0
57
8
23
0
0
7
49
1
1
79
0
8
8
1
0
7
0
65
12
0
82
9
0
0
26
1
0
30
54
42
7
12
63
1
0
34
0
0
1
20
1
3
61
10
22
42
18
0
80
4
0
24
8
58
75
12
1
9
4
59
73
35
1
8
6
24
65
12
12
0
0
38
1
0
0
12
5
73
31
12
7
8
69
12
5
12
12
69
78
8
6
0
12
34
0
74
0
0
1
31
62
7
1
52
75
20
1
5
7
0
8
0
31
60
62
8
8
0
72
52
7
0
52
81
7
6
4
8
14
44
0
1
45
52
4
12
0
1
11
7
5
54
7
0
24
0
4
8
12
0
8
5
1
6
12
7
0
4
0
65
1
43
31
1
47
59
0
0
55
0
0
55
0
31
38
0
12
29
38
0
0
28
0
12
1
29
52
28
3
75
1
35
5
7
49
1
7
0
12
29
0
26
4
8
77
0
0
1
55
6
4
7
0
5
49
18
0
0
0
1
1
30
26
0
4
1
4
12
12
8
0
0
7
65
12
0
0
38
8
64
29
12
0
6
4
67
28
6
79
7
3
0
27
80
37
30
35
0
0
0
0
30
12
0
2
6
0
45
4
0
4
7
0
15
21
6
3
0
63
29
0
58
1
0
7
59
0
6
72
0
24
65
0
57
0
45
39
12
76
0
8
59
40
0
37
7
0
0
1
1
0
5
0
54
8
6
6
56
27
0
60
75
0
62
12
0
1
0
0
12
57
57
0
12
0
24
12
5
0
7
26
50
25
12
27
79
61
6
0
0
53
1
5
43
0
80
0
59
52
20
81
4
7
4
35
45
33
0
11
40
0
7
0
67
32
12
12
0
8
1
12
0
0
0
0
9
8
71
12
62
0
1
8
0
28
32
56
0
4
0
0
10
0
0
17
12
8
26
12
0
6
8
69
52
7
42
81
54
4
0
0
5
52
63
2
0
0
6
0
26
71
5
12
11
77
3
20
0
0
3
30
1
0
1
0
5
42
8
26
75
60
8
0
7
34
0
51
56
6
0
61
0
22
8
34
0
0
12
6
1
1
63
10
4
74
4
57
12
4
27
12
8
0
8
79
74
64
0
0
40
36
18
59
68
60
0
72
49
73
72
8
8
0
72
61
6
48
12
51
67
40
22
0
12
65
12
7
0
0
65
12
40
4
50
59
29
52
4
8
1
12
0
4
1
5
0
63
12
0
0
12
0
14
42
52
0
43
1
8
8
13
57
1
12
12
60
0
62
4
7
68
0
0
0
12
27
12
12
21
12
0
0
7
70
0
52
0
8
57
43
15
0
4
0
0
0
54
4
0
4
0
0
41
0
0
6
0
38
49
7
0
46
27
56
0
0
6
59
7
8
67
49
41
19
1
7
40
57
0
56
8
59
78
6
26
5
0
39
8
40
0
0
0
8
0
0
18
46
48
0
0
5
7
29
6
12
75
73
12
76
51
0
52
0
68
23
12
0
0
35
59
0
69
1
31
41
8
0
52
19
26
0
6
46
40
4
59
0
43
1
7
0
14
6
56
0
0
0
0
53
48
1
12
32
0
7
47
0
7
1
45
77
57
0
30
51
49
0
12
0
47
0
64
4
4
0
17
0
74
4
48
0
0
15
4
0
12
17
8
66
76
45
0
0
12
8
8
0
31
6
9
0
4
26
1
7
1
0
0
0
8
47
29
0
1
0
0
0
66
55
12
6
28
12
8
12
7
1
12
15
13
56
0
6
79
4
14
1
78
8
11
24
6
50
33
29
4
6
12
1
12
11
12
5
75
30
12
31
79
48
0
49
37
0
75
4
4
0
8
73
51
73
0
5
0
52
20
3
1
5
52
0
0
13
78
41
64
12
27
8
5
0
0
0
23
4
1
38
47
1
0
26
6
5
23
4
0
0
59
65
59
39
0
73
57
39
0
12
37
0
1
0
8
12
14
51
1
6
0
0
0
0
6
8
12
3
12
1
56
39
0
0
6
14
20
4
52
0
34
8
0
81
0
0
54
2
4
0
44
13
4
61
4
17
8
50
7
24
12
0
7
69
0
7
4
15
0
67
1
8
56
35
74
78
64
6
1
12
0
0
8
12
29
12
8
30
62
8
3
1
4
8
4
19
71
8
11
58
67
0
0
4
58
55
0
46
82
72
0
4
0
1
8
8
1
37
12
27
8
0
8
69
74
5
6
0
40
1
0
4
47
54
17
17
12
10
45
11
0
69
5
12
4
15
5
4
7
48
35
79
10
0
54
1
1
7
8
31
12
11
4
25
79
54
0
48
12
33
5
12
55
14
5
4
5
1
28
8
0
56
4
1
4
5
28
44
0
7
0
0
5
0
0
12
34
1
62
79
0
66
21
50
0
31
8
6
0
0
55
0
27
71
0
65
80
5
12
0
0
49
8
41
4
0
12
59
76
8
4
1
8
0
1
62
0
27
26
0
79
5
12
34
14
6
63
12
4
8
0
12
7
32
12
17
5
41
1
79
8
0
64
12
49
49
6
0
1
0
0
52
0
0
0
4
5
12
24
44
0
5
34
0
30
12
0
4
8
10
72
5
0
1
0
1
0
0
28
12
26
21
9
0
54
13
57
77
1
77
0
1
1
8
66
18
6
1
5
48
26
4
27
0
1
0
17
59
16
60
41
20
0
12
0
46
7
0
8
77
4
8
14
0
0
8
7
0
30
62
9
19
7
21
36
50
8
0
26
4
74
8
53
51
73
57
0
5
32
8
43
12
12
9
5
4
33
80
4
70
31
0
4
34
0
12
51
52
26
21
19
2
0
4
1
7
22
69
1
58
0
72
2
34
26
82
8
8
62
4
12
5
82
0
0
52
50
0
0
44
0
26
11
12
0
63
6
1
30
38
12
59
82
67
0
0
9
66
38
45
7
0
13
6
30
7
1
13
3
42
8
10
0
8
8
40
26
32
76
0
81
5
52
17
64
6
78
7
8
8
78
0
0
8
21
1
12
26
24
7
28
1
66
8
0
1
12
1
1
8
